Objective Function Value:	2.06158e-05
Standard Deviation:	0.000402901
Function Evaluations:	13990
CPU Time [s]:	5.700
Evaluations/Second [1/s]:	2454.39

	Parameter	Value	Gradient	Standard Deviation
	(TP ->).v (Experiment_Col0):	0.0014091	0.0883878	0.097305
	(TP ->).v (Experiment_Fum2):	0.00128167	0.0786827	0.274057
	(TP ->).v (Experiment_C24):	0.00116639	0.0723468	0.106677
	(-> TP).v (Experiment_Col0):	0.00196	0.121414	0.0957329
	(-> TP).v (Experiment_Fum2):	0.00182046	0.115808	0.273685
	(-> TP).v (Experiment_C24):	0.0017598	0.10998	0.106023
	(Pyr ->).v (Experiment_Col0):	0.00051	-0.057121	0.00567009
	(Pyr ->).v (Experiment_Fum2):	0.0005	0.104771	0.00554683
	(Pyr ->).v (Experiment_C24):	0.00055	0.0960503	0.00610297
	(Mal -> Fum).k1 (Experiment_Col0):	0.00297167	2.52329e-05	0.000131432
	(Mal -> Fum).k1 (Experiment_C24):	0.0022252	-0.00189063	9.84572e-05
	(Mal -> Fum).k1 (Experiment_Fum2):	0	-0.00825793	7.04033e-05
	(Mal -> Pyr).k1:	1.41432e-06	0.00157789	7.21246e-05
	(OAA -> Mal).k1:	0.0349648	-9.67655e-06	0.00509889
	(PEP -> OAA).k1:	0.0319365	0.000473204	0.00441909
	(PEP -> Pyr).k1:	0.413783	-3.71044e-05	4.60204
	(TP -> PEP).k1:	0.522549	-1.40658e-06	5.39805

File Name:	/home/mqbpwhh5/Documents/OA_KineticModel/TempData.csv
Experiment:	Experiment_Col0
Mean:	-0.000186167
Objective Value:	1.34147e-05
Root Mean Square:	0.000528652
Row	Time	[Mal](Data)	[Mal](Fit)	[Mal](Weighted Error)	[Fum](Data)	[Fum](Fit)	[Fum](Weighted Error)	[TP](Data)	[TP](Fit)	[TP](Weighted Error)	[PEP](Data)	[PEP](Fit)	[PEP](Weighted Error)	[Pyr](Data)	[Pyr](Fit)	[Pyr](Weighted Error)	[OAA](Data)	[OAA](Fit)	[OAA](Weighted Error)	Objective Value	Root Mean Square

1.	60	0.00245059	0.00288908	0.00024017	0.00347132	0.00134803	-0.00116297	0.001	0.00105426	1.71574e-05	0.001	0.00123598	7.46237e-05	0.001	0.000816426	-5.80512e-05	0.001	0.0011103	3.48808e-05	1.42064e-06	0.000486593
2.	120	0.00398415	0.00457168	0.000321802	0.00449055	0.00201714	-0.00135474	0.001	0.00105426	1.71574e-05	0.001	0.00123598	7.46236e-05	0.001	0.000902446	-3.08493e-05	0.001	0.00112664	4.00486e-05	1.9473e-06	0.000569692
3.	180	0.00551771	0.00599213	0.000259848	0.00550978	0.00296261	-0.00139514	0.001	0.00105426	1.71574e-05	0.001	0.00123598	7.46236e-05	0.001	0.000988598	-3.60576e-06	0.001	0.00112865	4.06829e-05	2.02147e-06	0.000580441
4.	240	0.00705127	0.00718207	7.16393e-05	0.00652901	0.00414024	-0.00130838	0.001	0.00105426	1.71574e-05	0.001	0.00123598	7.46236e-05	0.001	0.00107486	2.36727e-05	0.001	0.0011289	4.07607e-05	1.72508e-06	0.000536203
5.	300	0.00858483	0.00817779	-0.000222947	0.00754824	0.00551221	-0.00111518	0.001	0.00105426	1.71574e-05	0.001	0.00123598	7.46236e-05	0.001	0.00116121	5.09804e-05	0.001	0.00112893	4.07704e-05	1.30345e-06	0.000466093
6.	360	0.0101184	0.00901086	-0.000606624	0.00856746	0.00704678	-0.000832913	0.001	0.00105426	1.71574e-05	0.001	0.00123598	7.46236e-05	0.001	0.00124765	7.83126e-05	0.001	0.00112893	4.07715e-05	1.07539e-06	0.000423359
7.	420	0.011652	0.00970782	-0.00106485	0.00958669	0.00871739	-0.000476135	0.001	0.00105426	1.71574e-05	0.001	0.00123598	7.46236e-05	0.001	0.00133414	0.000105665	0.001	0.00112893	4.07716e-05	1.37929e-06	0.00047946
8.	480	0.0131855	0.0102909	-0.00158544	0.0106059	0.0105018	-5.70186e-05	0.001	0.00105426	1.71574e-05	0.001	0.00123598	7.46236e-05	0.001	0.00142069	0.000133035	0.001	0.00112893	4.07716e-05	2.54209e-06	0.000650908
Objective Value				4.2991e-06			9.01343e-06			2.35502e-09			4.45495e-08			4.24904e-08			1.27863e-08
Root Mean Square				0.000733067			0.00106145			1.71574e-05			7.46236e-05			7.28786e-05			3.99786e-05
Weight				0.3			0.3			0.1			0.1			0.1			0.1

File Name:	/home/mqbpwhh5/Documents/OA_KineticModel/TempData.csv
Experiment:	Experiment_Fum2
Mean:	5.52631e-05
Objective Value:	1.17198e-06
Root Mean Square:	0.000156257
Row	Time	[Mal](Data)	[Mal](Fit)	[Mal](Weighted Error)	[Fum](Data)	[Fum](Fit)	[Fum](Weighted Error)	[TP](Data)	[TP](Fit)	[TP](Weighted Error)	[PEP](Data)	[PEP](Fit)	[PEP](Weighted Error)	[Pyr](Data)	[Pyr](Fit)	[Pyr](Weighted Error)	[OAA](Data)	[OAA](Fit)	[OAA](Weighted Error)	Objective Value	Root Mean Square

1.	60	0.00338386	0.0032099	-9.52791e-05	0.001	0.001	0	0.001	0.00103107	9.82494e-06	0.001	0.0012088	6.60272e-05	0.001	0.000788297	-6.69465e-05	0.001	0.00108902	2.81494e-05	1.88085e-08	5.59888e-05
2.	120	0.00550115	0.00551258	6.25967e-06	0.001	0.001	0	0.001	0.00103107	9.82494e-06	0.001	0.0012088	6.60272e-05	0.001	0.000799465	-6.34148e-05	0.001	0.00110225	3.23342e-05	9.56225e-09	3.99213e-05
3.	180	0.00761845	0.00782668	0.00011405	0.001	0.001	0	0.001	0.00103107	9.82494e-06	0.001	0.0012088	6.60272e-05	0.001	0.000810829	-5.98212e-05	0.001	0.00110387	3.28479e-05	2.2121e-08	6.07193e-05
4.	240	0.00973575	0.010142	0.000222512	0.001	0.001	0	0.001	0.00103107	9.82494e-06	0.001	0.0012088	6.60272e-05	0.001	0.000822389	-5.61654e-05	0.001	0.00110407	3.2911e-05	5.82056e-08	9.84933e-05
5.	300	0.011853	0.0124573	0.000330964	0.001	0.001	0	0.001	0.00103107	9.82494e-06	0.001	0.0012088	6.60272e-05	0.001	0.000834147	-5.24475e-05	0.001	0.0011041	3.29184e-05	1.17828e-07	0.000140135
6.	360	0.0139703	0.0147724	0.000439319	0.001	0.001	0	0.001	0.00103107	9.82494e-06	0.001	0.0012088	6.60272e-05	0.001	0.0008461	-4.86674e-05	0.001	0.0011041	3.29196e-05	2.00909e-07	0.000182989
7.	420	0.0160876	0.0170874	0.000547568	0.001	0.001	0	0.001	0.00103107	9.82494e-06	0.001	0.0012088	6.60272e-05	0.001	0.00085825	-4.48253e-05	0.001	0.0011041	3.29198e-05	3.0738e-07	0.00022634
8.	480	0.0182049	0.0194021	0.000655709	0.001	0.001	0	0.001	0.00103107	9.82494e-06	0.001	0.0012088	6.60272e-05	0.001	0.000870597	-4.0921e-05	0.001	0.0011041	3.29198e-05	4.37169e-07	0.000269929
Objective Value				1.10396e-06			0			7.72236e-10			3.48768e-08			2.40395e-08			8.33475e-09
Root Mean Square				0.000371477			0			9.82494e-06			6.60272e-05			5.48173e-05			3.22776e-05
Weight				0.3			0.3			0.1			0.1			0.1			0.1

File Name:	/home/mqbpwhh5/Documents/OA_KineticModel/TempData.csv
Experiment:	Experiment_C24
Mean:	2.8361e-05
Objective Value:	6.02912e-06
Root Mean Square:	0.00035441
Row	Time	[Mal](Data)	[Mal](Fit)	[Mal](Weighted Error)	[Fum](Data)	[Fum](Fit)	[Fum](Weighted Error)	[TP](Data)	[TP](Fit)	[TP](Weighted Error)	[PEP](Data)	[PEP](Fit)	[PEP](Weighted Error)	[Pyr](Data)	[Pyr](Fit)	[Pyr](Weighted Error)	[OAA](Data)	[OAA](Fit)	[OAA](Weighted Error)	Objective Value	Root Mean Square

1.	60	0.00321007	0.00306282	-8.06554e-05	0.00297141	0.00126968	-0.000932074	0.001	0.0011356	4.28791e-05	0.001	0.00133134	0.000104779	0.001	0.000619887	-0.000120202	0.001	0.00118497	5.84933e-05	9.05954e-07	0.000388577
2.	120	0.00457002	0.00504287	0.000258989	0.00361758	0.00181314	-0.000988335	0.001	0.0011356	4.28791e-05	0.001	0.00133134	0.000104779	0.001	0.000673428	-0.000103271	0.001	0.00121222	6.71097e-05	1.07187e-06	0.000422664
3.	180	0.00592997	0.00679719	0.000474996	0.00426376	0.00260607	-0.000907954	0.001	0.0011356	4.28791e-05	0.001	0.00133134	0.000104779	0.001	0.000727127	-8.62899e-05	0.001	0.00121556	6.81672e-05	1.07491e-06	0.000423263
4.	240	0.00728992	0.00833481	0.000572308	0.00490993	0.0036185	-0.000707347	0.001	0.0011356	4.28791e-05	0.001	0.00133134	0.000104779	0.001	0.000780966	-6.92646e-05	0.001	0.00121597	6.8297e-05	8.50156e-07	0.000376421
5.	300	0.00864987	0.00968046	0.000564477	0.0055561	0.00482313	-0.000401467	0.001	0.0011356	4.28791e-05	0.001	0.00133134	0.000104779	0.001	0.000834927	-5.22007e-05	0.001	0.00121602	6.83129e-05	5.00019e-07	0.000288681
6.	360	0.0100098	0.0108579	0.000464499	0.00620228	0.00619593	-3.47452e-06	0.001	0.0011356	4.28791e-05	0.001	0.00133134	0.000104779	0.001	0.000888995	-3.5103e-05	0.001	0.00121603	6.8315e-05	2.34488e-07	0.00019769
7.	420	0.0113698	0.0118881	0.000283874	0.00684845	0.00771589	0.000475117	0.001	0.0011356	4.28791e-05	0.001	0.00133134	0.000104779	0.001	0.000943156	-1.79756e-05	0.001	0.00121603	6.83152e-05	3.24128e-07	0.000232425
8.	480	0.0127297	0.0127894	3.26867e-05	0.00749462	0.0093646	0.00102423	0.001	0.0011356	4.28791e-05	0.001	0.00133134	0.000104779	0.001	0.000997399	-8.22459e-07	0.001	0.00121603	6.83152e-05	1.06759e-06	0.00042182
Objective Value				1.24279e-06			4.60625e-06			1.47089e-08			8.78291e-08			4.1638e-08			3.59039e-08
Root Mean Square				0.000394142			0.000758803			4.28791e-05			0.000104779			7.21439e-05			6.69925e-05
Weight				0.3			0.3			0.1			0.1			0.1			0.1

Fisher Information Matrix:
  Matrix(17x17)
	124539	0	0	-124539	0	0	134690	0	0	26.105	0	0	-686.822	-1.21895	136.941	-11.6525	-0.738486
	0	125392	0	0	-125392	0	0	134691	0	0	0	237.787	-874.056	-2.47498	120.447	-10.3649	-0.728122
	0	0	124618	0	0	-124618	0	0	134690	0	52.9676	0	-804.519	-1.39172	146.035	-12.4386	-0.796091
	-124539	0	0	124539	0	0	-134690	0	0	-26.1003	0	0	686.823	1.21899	-136.941	11.6525	0.738486
	0	-125392	0	0	125392	0	0	-134691	0	0	0	-237.789	874.054	2.47502	-120.447	10.3648	0.728122
	0	0	-124618	0	0	124618	0	0	-134690	0	-52.9717	0	804.533	1.3917	-146.035	12.4386	0.796091
	134690	0	0	-134690	0	0	146880	0	0	0.170106	0	0	-846.693	-0.00373501	167.119	-14.0845	-0.808332
	0	134691	0	0	-134691	0	0	146880	0	0	0	0.239227	-1210.78	-0.00588787	163.473	-13.777	-0.790561
	0	0	134690	0	0	-134690	0	0	146880	0	0.0945032	0	-978.369	-0.00454591	179.875	-15.1605	-0.870706
	26.105	0	0	-26.1003	0	0	0.170106	0	0	13.1306	0	0	3.23164	0.030243	-0.411871	0.0319208	0.000216879
	0	0	52.9676	0	0	-52.9717	0	0	0.0945032	0	21.5581	0	3.13863	-0.00076988	-0.910711	0.07014	-6.33662e-05
	0	237.787	0	0	-237.789	0	0	0.239227	0	0	0	63.0002	31.4912	-0.303934	-3.76214	0.28811	-0.00136399
	-686.822	-874.056	-804.519	686.823	874.054	804.533	-846.693	-1210.78	-978.369	3.23164	3.13863	31.4912	109.343	-0.52634	-10.3627	0.818613	0.0131858
	-1.21895	-2.47498	-1.39172	1.21899	2.47502	1.3917	-0.00373501	-0.00588787	-0.00454591	0.030243	-0.00076988	-0.303934	-0.52634	0.0155135	0.0834588	-0.00636652	4.74402e-05
	136.941	120.447	146.035	-136.941	-120.447	-146.035	167.119	163.473	179.875	-0.411871	-0.910711	-3.76214	-10.3627	0.0834588	1.65368	-0.131126	-0.00246172
	-11.6525	-10.3649	-12.4386	11.6525	10.3648	12.4386	-14.0845	-13.777	-15.1605	0.0319208	0.07014	0.28811	0.818613	-0.00636652	-0.131126	0.0104727	0.000216009
	-0.738486	-0.728122	-0.796091	0.738486	0.728122	0.796091	-0.808332	-0.790561	-0.870706	0.000216879	-6.33662e-05	-0.00136399	0.0131858	4.74402e-05	-0.00246172	0.000216009	3.79356e-05

FIM Eigenvalues:
  Matrix(17x1)
	3.17873e-09
	1.08706e-06
	7.2635e-06
	9.45107e-06
	2.96262e-05
	0.00817703
	0.0165427
	12.435
	18.8834
	32.1614
	40.9369
	771.594
	834.226
	1457.67
	395199
	395300
	396279

FIM Eigenvectors corresponding to Eigenvalues:
  Matrix(17x17)
	-0.00417349	-0.00296522	-0.00204526	-0.00337417	-0.00218327	-0.00118492	0.000799323	0.000781946	0.000860346	-7.17076e-06	3.47511e-06	-3.9928e-07	-9.52002e-07	-0.000355172	4.67146e-05	0.648739	0.760978
	0.000731265	0.707102	0.000268589	0.00073496	0.707099	0.000272597	3.58798e-06	-1.79669e-06	3.89012e-06	5.17227e-06	3.77004e-06	-1.58625e-06	-1.46714e-06	-0.00109804	0.000119242	0.00348238	0.00182311
	0.0279858	-0.000303304	0.706528	0.0280026	-0.000295104	0.706548	1.68503e-05	8.35376e-06	2.04774e-05	-7.93934e-07	0.000114421	8.32515e-06	-0.000233375	0.00168818	-0.00263216	-0.00211878	0.00508188
	0.706533	-0.000737713	-0.0280249	0.706537	-0.000725561	-0.0280117	4.5573e-06	1.19616e-05	1.3064e-05	-0.000263378	-2.45243e-06	-3.13508e-07	-2.71246e-07	-0.000914389	-0.00068575	0.000225761	0.00669089
	-0.00295807	0.00118537	-0.00326775	-0.00324639	0.000903535	-0.00357819	-0.000287541	-0.000281071	-0.000309595	-4.01392e-06	-7.38052e-07	9.45995e-07	8.78646e-06	-0.000331202	-0.0405539	-0.760371	0.648187
	0.000533364	0.000186915	0.00265222	-0.00151364	-0.001721	0.000457942	-0.00211561	-0.00198072	-0.00226849	0.0047121	0.00349496	0.000443157	0.000832562	-0.976926	0.213272	-0.00657419	0.00514218
	0.00831985	0.00767981	0.00977556	-0.00721934	-0.00743304	-0.006968	-0.0153441	-0.0149211	-0.0165306	-0.00129038	-0.000209985	0.000859011	0.00316384	0.213466	0.975569	-0.0301178	0.0258031
	0.0112246	-0.00188874	-0.00150456	-0.0116025	0.00188904	0.00153771	-0.0207496	0.00372679	0.00300213	-0.999097	0.00665236	-0.00208342	0.0317121	-0.00487435	-0.00069757	3.62929e-05	-2.14816e-05
	0.00282637	0.003535	0.027063	-0.00283123	-0.0035354	-0.0269134	-0.00553873	-0.00698545	-0.0499071	-0.00864898	-0.996047	0.00528605	-0.0608768	-0.00362291	-0.000840558	0.000103018	2.1759e-05
	0.00435043	-0.0577865	0.00383508	-0.00435347	0.0577902	-0.00387655	-0.00852652	0.105231	-0.00770076	-0.00411874	0.0105276	0.986456	-0.0939283	0.000428273	0.00143986	-0.000143161	-1.85389e-05
	0.0451413	0.0676537	0.0409773	-0.0451644	-0.0676579	-0.0413102	-0.088422	-0.13211	-0.0819367	-0.0284271	0.0676299	-0.0732867	-0.96986	-0.000647787	-0.00393251	0.000455145	9.39889e-05
	-0.423623	0.0125217	0.063422	0.423625	-0.012522	-0.0634249	0.780503	-0.0238435	-0.117551	-0.0293717	0.00855132	0.00434799	-0.0892307	0.00108615	0.0153588	-0.001194	-5.78866e-06
	-0.058679	0.0177946	-0.422504	0.0586792	-0.017795	0.422511	0.107546	-0.0337937	0.778521	-0.0041688	-0.0554534	0.0061937	-0.114107	0.00154302	0.0222332	-0.00172737	-7.41083e-06
	-0.008354	-0.419234	-0.00955786	0.00835396	0.419243	0.00955656	0.0145356	0.775269	0.0166201	-0.000658044	-0.00106049	-0.146434	-0.157482	0.00154118	0.0194145	-0.00150115	-2.0406e-06
	-0.560338	0.00281261	0.0280378	0.560338	-0.00281261	-0.0280378	-0.607875	0.00303595	0.0304034	-7.42585e-05	7.54921e-06	3.6351e-06	0.00303967	3.22512e-06	-0.000607933	5.15292e-05	3.1412e-06
	-0.0280057	0.00399161	-0.560413	0.0280057	-0.00399161	0.560413	-0.0303826	0.00430885	-0.607714	-3.67899e-06	-0.00015031	5.12463e-06	0.00391788	4.0706e-06	-0.000718737	6.09577e-05	3.73938e-06
	-0.00299435	-0.561917	-0.00382983	0.00299435	0.561917	0.00382983	-0.00324953	-0.606962	-0.00415428	-3.59551e-07	-9.88833e-07	-0.000674479	0.00437759	7.06802e-06	-0.000600227	5.11957e-05	3.31825e-06

Fisher Information Matrix (scaled):
  Matrix(17x17)
	0.247281	0	0	-0.343957	0	0	0.096794	0	0	0.000109311	0	0	-1.36878e-06	-6.00563e-05	0.00616257	-0.00679416	-0.000543765
	0	0.205979	0	0	-0.292568	0	0	0.0863149	0	0	0	0	-1.5844e-06	-0.000110913	0.00493015	-0.00549686	-0.000487651
	0	0	0.169538	0	0	-0.255791	0	0	0.0864058	0	0.000137475	0	-1.32718e-06	-5.67579e-05	0.00543988	-0.0060033	-0.000485215
	-0.343957	0	0	0.478431	0	0	-0.134637	0	0	-0.00015202	0	0	1.90393e-06	8.35384e-05	-0.00857189	0.0094504	0.000756356
	0	-0.292568	0	0	0.415557	0	0	-0.1226	0	0	0	0	2.25044e-06	0.00015754	-0.00700265	0.00780759	0.000692648
	0	0	-0.255791	0	0	0.385926	0	0	-0.130365	0	-0.000207432	0	2.00242e-06	8.56328e-05	-0.00820743	0.0090575	0.00073207
	0.096794	0	0	-0.134637	0	0	0.0382035	0	0	2.57804e-07	0	0	-6.10724e-07	-6.6603e-08	0.00272197	-0.00297224	-0.000215421
	0	0.0863149	0	0	-0.1226	0	0	0.03672	0	0	0	0	-8.56216e-07	-1.02934e-07	0.00261038	-0.00285034	-0.000206554
	0	0	0.0864058	0	0	-0.130365	0	0	0.0444312	0	1.15659e-07	0	-7.61052e-07	-8.74208e-08	0.00315953	-0.00345024	-0.000250243
	0.000109311	0	0	-0.00015202	0	0	2.57804e-07	0	0	0.000115953	0	0	1.35823e-08	3.14236e-06	-3.90884e-05	3.92506e-05	3.36779e-07
	0	0	0.000137475	0	0	-0.000207432	0	0	1.15659e-07	0	0.000106745	0	9.87775e-09	-5.98995e-08	-6.47198e-05	6.45815e-05	-7.36808e-08
	0	0	0	0	0	0	0	0	0	0	0	0	0	0	0	0	0
	-1.36878e-06	-1.5844e-06	-1.32718e-06	1.90393e-06	2.25044e-06	2.00242e-06	-6.10724e-07	-8.56216e-07	-7.61052e-07	1.35823e-08	9.87775e-09	0	2.18719e-10	-2.60283e-08	-4.68069e-07	4.79072e-07	9.745e-09
	-6.00563e-05	-0.000110913	-5.67579e-05	8.35384e-05	0.00015754	8.56328e-05	-6.6603e-08	-1.02934e-07	-8.74208e-08	3.14236e-06	-5.98995e-08	0	-2.60283e-08	1.89658e-05	9.31946e-05	-9.211e-05	8.66773e-07
	0.00616257	0.00493015	0.00543988	-0.00857189	-0.00700265	-0.00820743	0.00272197	0.00261038	0.00315953	-3.90884e-05	-6.47198e-05	0	-4.68069e-07	9.31946e-05	0.00168665	-0.0017328	-4.10821e-05
	-0.00679416	-0.00549686	-0.0060033	0.0094504	0.00780759	0.0090575	-0.00297224	-0.00285034	-0.00345024	3.92506e-05	6.45815e-05	0	4.79072e-07	-9.211e-05	-0.0017328	0.0017931	4.67059e-05
	-0.000543765	-0.000487651	-0.000485215	0.000756356	0.000692648	0.00073207	-0.000215421	-0.000206554	-0.000250243	3.36779e-07	-7.36808e-08	0	9.745e-09	8.66773e-07	-4.10821e-05	4.67059e-05	1.03586e-05

FIM Eigenvalues (scaled):
  Matrix(17x1)
	2.46862e-19
	2.37592e-12
	1.27894e-11
	2.26351e-11
	8.36927e-11
	3.05056e-10
	4.26602e-06
	8.99611e-06
	1.06141e-05
	9.15338e-05
	0.000108574
	0.000334843
	0.000447314
	0.00289114
	0.599926
	0.658012
	0.763964

FIM Eigenvectors (scaled) corresponding to Eigenvalues:
  Matrix(17x17)
	-9.08919e-10	2.63645e-08	-6.11112e-09	-5.09929e-10	1.87127e-08	-3.8784e-09	5.51552e-10	5.4997e-10	5.50464e-10	-7.8759e-13	1.29989e-13	-1	4.6887e-10	-5.51953e-12	1.13518e-12	5.52028e-10	5.12391e-10
	-0.00712946	-0.818017	-0.00447681	-0.00432989	-0.575073	-0.00201341	0.00305821	0.00306686	0.0030522	-7.19933e-06	4.97195e-07	-3.22754e-08	0.0004574	2.6443e-05	-2.51774e-06	0.00305725	0.00284585
	-0.0595611	0.00302597	-0.806364	-0.0397488	0.00537316	-0.530778	0.0118033	0.0118058	0.0117741	-1.70341e-05	-5.3508e-05	7.3897e-09	0.249414	-0.000145025	0.000132461	0.0118607	0.011004
	-0.811096	0.00189975	0.0481486	-0.572877	0.012119	0.0441849	0.0393645	0.0392548	0.039267	7.05118e-05	4.52564e-05	9.25068e-10	-0.0446412	-0.000214681	5.46728e-05	0.0393832	0.0365687
	-0.0241936	0.00639773	0.214373	-0.0325166	-0.0113962	0.123952	-0.0581208	-0.0578938	-0.058021	8.29893e-05	3.38563e-06	-1.50242e-09	0.959428	0.000301988	0.000286437	-0.0580333	-0.0538577
	0.0151305	-0.0520651	-0.0193443	0.125538	0.0841329	0.12464	0.440658	0.439776	0.439829	-0.000837354	0.000505913	9.96898e-10	0.123682	-0.00294125	0.000477354	0.440815	0.409459
	0.00622137	0.0066498	0.00722316	-0.00860111	-0.00946328	-0.0108341	-0.0487812	-0.049928	-0.0485348	0.00353282	0.0036247	-1.86044e-14	-0.000233071	-0.0495255	0.646652	0.591615	-0.470861
	0.028582	0.0300614	0.0330828	-0.0397423	-0.0427432	-0.0498568	-0.227474	-0.228341	-0.225579	0.0258687	0.0277571	-1.46537e-14	-0.000263153	-0.484324	0.344031	0.0729365	0.690533
	0.0186506	0.0197187	0.0217263	-0.0258711	-0.0279409	-0.0328284	-0.140537	-0.141745	-0.140669	-0.0581632	-0.0546977	-2.07469e-14	-3.2239e-05	0.867188	0.186704	0.118297	0.359711
	-0.0112267	-0.0081366	0.026371	0.015639	0.0115582	-0.0396369	0.0871941	0.0612877	-0.164499	0.0801536	-0.97365	1.17945e-16	4.26804e-05	-0.0571136	-0.0229443	0.0231314	-0.00137415
	-0.0177221	0.00852585	0.00686683	0.0249023	-0.0121111	-0.0103746	0.129699	-0.063984	-0.0472284	0.980362	0.0920867	-6.87061e-16	3.34481e-05	0.0700506	0.0239192	-0.0212074	0.00513428
	-0.102566	0.0263612	0.0809854	0.142658	-0.0374481	-0.122205	0.764122	-0.193949	-0.525199	-0.161857	0.139933	-1.45444e-16	-2.85735e-06	0.000455973	0.0344421	-0.03522	-0.000380374
	-0.0301786	0.102036	-0.0887583	0.0419766	-0.144949	0.133932	0.219127	-0.740639	0.563432	-0.0415036	-0.13712	2.70376e-16	8.81171e-05	-0.0063535	0.0510801	-0.0538041	-0.00164947
	-0.03103	-0.0498696	-0.0416089	0.0431628	0.0708414	0.0627822	0.144591	0.278837	0.179936	-0.021899	-0.0369699	-3.06267e-16	-0.000186387	0.052387	0.650416	-0.652173	-0.000643457
	0.00144954	0.0033291	-0.531573	-0.00201625	-0.00472858	0.802013	0.000548936	0.00136344	-0.27112	3.1369e-06	-0.000395348	-7.54111e-22	4.18666e-06	0.000156954	-0.0171885	0.018944	0.00151168
	0.00179826	-0.559466	-0.00287332	-0.0025013	0.794652	0.00433514	0.000690551	-0.234662	-0.00148238	2.60108e-06	8.74067e-07	9.16781e-22	4.40014e-06	0.000280862	-0.0136874	0.0152327	0.00132964
	-0.568918	-0.00151142	-0.00106652	0.791342	0.00214678	0.00160911	-0.222798	-0.000655422	-0.000559237	-0.000237431	1.93011e-06	-1.88649e-22	3.20517e-06	0.000128534	-0.0143887	0.0158506	0.00125847

Correlation Matrix:
  Matrix(17x17)
	1	0.0259646	0.0511893	0.998407	0.019839	0.0340078	-0.304146	-0.303987	-0.303976	-0.132165	-0.0717735	0.0124296	0.00719724	0.129887	-0.044262	-0.304232	-0.304133
	0.0259646	1	0.0112791	0.021849	0.999796	0.00693455	-0.0766935	-0.0770622	-0.0766918	0.0450265	-0.00453817	-0.00560036	-0.000549209	-0.0449492	0.00448791	-0.0766455	-0.0768029
	0.0511893	0.0112791	1	0.0440033	0.00854319	0.998372	-0.135519	-0.135742	-0.135468	0.0607954	0.138097	0.0229969	-0.466196	0.116867	-0.0958914	-0.135998	-0.135849
	0.998407	0.021849	0.0440033	1	0.016817	0.0298994	-0.249912	-0.249751	-0.24974	-0.157231	-0.0581287	0.0102269	0.00172726	0.102773	-0.0407684	-0.250004	-0.249906
	0.019839	0.999796	0.00854319	0.016817	1	0.0053424	-0.0565304	-0.0568995	-0.0565287	0.0372428	0.000527782	-0.00639949	-0.00245271	-0.0550188	0.00593945	-0.0564838	-0.0566423
	0.0340078	0.00693455	0.998372	0.0298994	0.0053424	1	-0.0787929	-0.0790177	-0.0787417	0.0388906	0.153395	0.0207998	-0.474508	0.0891636	-0.092382	-0.0792789	-0.0791313
	-0.304146	-0.0766935	-0.135519	-0.249912	-0.0565304	-0.0787929	1	0.999995	0.999996	-0.38662	0.250267	-0.0406329	-0.0943508	-0.493727	0.071314	0.999924	0.99988
	-0.303987	-0.0770622	-0.135742	-0.249751	-0.0568995	-0.0790177	0.999995	1	0.999996	-0.387082	0.250251	-0.0391836	-0.0938893	-0.493766	0.0713744	0.999924	0.99988
	-0.303976	-0.0766918	-0.135468	-0.24974	-0.0565287	-0.0787417	0.999996	0.999996	1	-0.387068	0.250899	-0.0406304	-0.0944132	-0.493735	0.0713022	0.999924	0.99988
	-0.132165	0.0450265	0.0607954	-0.157231	0.0372428	0.0388906	-0.38662	-0.387082	-0.387068	1	-0.07208	0.0204427	0.00930767	0.0557727	-0.00882137	-0.386929	-0.387034
	-0.0717735	-0.00453817	0.138097	-0.0581287	0.000527782	0.153395	0.250267	0.250251	0.250899	-0.07208	1	-0.00478241	-0.0637707	-0.252082	0.0333145	0.250343	0.250375
	0.0124296	-0.00560036	0.0229969	0.0102269	-0.00639949	0.0207998	-0.0406329	-0.0391836	-0.0406304	0.0204427	-0.00478241	1	-0.0348582	0.00256056	0.0271414	-0.0402403	-0.040214
	0.00719724	-0.000549209	-0.466196	0.00172726	-0.00245271	-0.474508	-0.0943508	-0.0938893	-0.0944132	0.00930767	-0.0637707	-0.0348582	1	-0.00293405	0.135978	-0.0937148	-0.0936224
	0.129887	-0.0449492	0.116867	0.102773	-0.0550188	0.0891636	-0.493727	-0.493766	-0.493735	0.0557727	-0.252082	0.00256056	-0.00293405	1	-0.131472	-0.494005	-0.494108
	-0.044262	0.00448791	-0.0958914	-0.0407684	0.00593945	-0.092382	0.071314	0.0713744	0.0713022	-0.00882137	0.0333145	0.0271414	0.135978	-0.131472	1	0.0833222	0.0689823
	-0.304232	-0.0766455	-0.135998	-0.250004	-0.0564838	-0.0792789	0.999924	0.999924	0.999924	-0.386929	0.250343	-0.0402403	-0.0937148	-0.494005	0.0833222	1	0.999777
	-0.304133	-0.0768029	-0.135849	-0.249906	-0.0566423	-0.0791313	0.99988	0.99988	0.99988	-0.387034	0.250375	-0.040214	-0.0936224	-0.494108	0.0689823	0.999777	1

