Objective Function Value:	1.03581e-05
Standard Deviation:	0.00073835
Function Evaluations:	27166
CPU Time [s]:	14.547
Evaluations/Second [1/s]:	1867.46

	Parameter	Value	Gradient	Standard Deviation
	(TP ->).v (Experiment_Col0):	0.00144538	0.0309109	0.468185
	(TP ->).v (Experiment_Fum2):	0.00129889	0.0273201	0.285127
	(TP ->).v (Experiment_C24):	0.00119119	0.0252224	0.560631
	(-> TP).v (Experiment_Col0):	0.00197997	0.0414482	0.461577
	(-> TP).v (Experiment_Fum2):	0.00183924	0.0396224	0.279199
	(-> TP).v (Experiment_C24):	0.00176599	0.0375325	0.553271
	(Pyr ->).v (Experiment_Col0):	0.00051	0.00325101	0.0094147
	(Pyr ->).v (Experiment_Fum2):	0.00052	0.00754203	0.00957381
	(Pyr ->).v (Experiment_C24):	0.00055	0.0249449	0.0100627
	(Mal -> Fum).k1 (Experiment_Col0):	0.00169515	2.56707e-05	0.000519767
	(Mal -> Fum).k1 (Experiment_C24):	0.00119315	1.51798e-06	0.000257274
	(Mal -> Fum).k1 (Experiment_Fum2):	0	0.00798029	0.000174247
	(OAA -> Mal).k1:	0.011192	2.95882e-06	0.00648646
	(PEP -> OAA; Mal).k1:	0.000303956	0.00253882	0.000274226
	(PEP -> Pyr).k1:	0.616087	2.61104e-07	11.6051
	(Mal -> Pyr; Fum).k1:	0.000744163	1.93285e-05	0.334455
	(TP -> PEP).k1:	0.338225	-4.31648e-08	5.97595

File Name:	/home/mqbpwhh5/Documents/OA_KineticModel/TempData.csv
Experiment:	Experiment_Col0
Mean:	0.000132945
Objective Value:	4.03229e-06
Root Mean Square:	0.000579676
Row	Time	[Mal](Data)	[Mal](Fit)	[Mal](Weighted Error)	[Fum](Data)	[Fum](Fit)	[Fum](Weighted Error)	[TP](Data)	[TP](Fit)	[TP](Weighted Error)	[PEP](Data)	[PEP](Fit)	[PEP](Weighted Error)	[Pyr](Data)	[Pyr](Fit)	[Pyr](Weighted Error)	[OAA](Data)	[OAA](Fit)	[OAA](Weighted Error)	Objective Value	Root Mean Square

1.	60	0.00245059	0.00474486	0.00125662	0.00347132	0.00286239	-0.000333524	0.001	0.00158058	0.000183597	0.001	0.000785048	-6.79739e-05	0.001	0.00217489	0.000371532	0.001	0.00432781	0.00105235	2.97414e-06	0.000704052
2.	480	0.0131855	0.0117056	-0.000810594	0.0106059	0.00968754	-0.00050302	0.001	0.00158058	0.000183597	0.001	0.000832616	-5.29316e-05	0.001	0.000943642	-1.78221e-05	0.001	0.00205467	0.000333515	1.05815e-06	0.000419951
Objective Value				2.23616e-06			3.64268e-07			6.74157e-08			7.4222e-09			1.38354e-07			1.21866e-06
Root Mean Square				0.00105739			0.000426771			0.000183597			6.09188e-05			0.000263015			0.000780597
Weight				0.3			0.3			0.1			0.1			0.1			0.1

File Name:	/home/mqbpwhh5/Documents/OA_KineticModel/TempData.csv
Experiment:	Experiment_Fum2
Mean:	0.00032216
Objective Value:	3.70045e-06
Root Mean Square:	0.000555311
Row	Time	[Mal](Data)	[Mal](Fit)	[Mal](Weighted Error)	[Fum](Data)	[Fum](Fit)	[Fum](Weighted Error)	[TP](Data)	[TP](Fit)	[TP](Weighted Error)	[PEP](Data)	[PEP](Fit)	[PEP](Weighted Error)	[Pyr](Data)	[Pyr](Fit)	[Pyr](Weighted Error)	[OAA](Data)	[OAA](Fit)	[OAA](Weighted Error)	Objective Value	Root Mean Square

1.	60	0.00338386	0.00508978	0.000934373	0.001	0.0025	0.000821584	0.001	0.0015976	0.000188979	0.001	0.00079856	-6.37009e-05	0.001	0.001979	0.000309586	0.001	0.004256	0.00102964	2.74382e-06	0.000676242
2.	480	0.0182049	0.0173587	-0.000463504	0.001	0.0025	0.000821584	0.001	0.0015976	0.000188979	0.001	0.00085279	-4.65518e-05	0.001	0.000925838	-2.34521e-05	0.001	0.00153257	0.000168412	9.56629e-07	0.000399297
Objective Value				1.08789e-06			1.35e-06			7.14258e-08			6.22488e-09			9.63933e-08			1.08851e-06
Root Mean Square				0.000737526			0.000821584			0.000188979			5.57893e-05			0.000219537			0.000737738
Weight				0.3			0.3			0.1			0.1			0.1			0.1

File Name:	/home/mqbpwhh5/Documents/OA_KineticModel/TempData.csv
Experiment:	Experiment_C24
Mean:	0.000291264
Objective Value:	2.62533e-06
Root Mean Square:	0.000467737
Row	Time	[Mal](Data)	[Mal](Fit)	[Mal](Weighted Error)	[Fum](Data)	[Fum](Fit)	[Fum](Weighted Error)	[TP](Data)	[TP](Fit)	[TP](Weighted Error)	[PEP](Data)	[PEP](Fit)	[PEP](Weighted Error)	[Pyr](Data)	[Pyr](Fit)	[Pyr](Weighted Error)	[OAA](Data)	[OAA](Fit)	[OAA](Weighted Error)	Objective Value	Root Mean Square

1.	60	0.00321007	0.00491062	0.00093143	0.00297141	0.00276002	-0.000115784	0.001	0.00169945	0.000221186	0.001	0.000846747	-4.84627e-05	0.001	0.00179285	0.000250722	0.001	0.00447808	0.00109987	2.20481e-06	0.000606191
2.	480	0.0127297	0.0134811	0.00041153	0.00749462	0.0080798	0.000320512	0.001	0.00169945	0.000221186	0.001	0.000900019	-3.16169e-05	0.001	0.00077512	-7.11133e-05	0.001	0.00196674	0.00030571	4.20524e-07	0.00026474
Objective Value				1.03692e-06			1.16134e-07			9.78461e-08			3.34826e-09			6.79188e-08			1.30316e-06
Root Mean Square				0.000720041			0.000240971			0.000221186			4.09162e-05			0.000184281			0.000807207
Weight				0.3			0.3			0.1			0.1			0.1			0.1

Fisher Information Matrix:
  Matrix(17x17)
	42236.7	0	0	-42239	0	0	44396.7	0	0	123.456	0	0	-18.5511	2879.12	-1.54731	-1.89193	-0.439476
	0	42656	0	0	-42658	0	0	44591.3	0	0	0	76.5464	-18.4684	2543.64	-1.38584	-0.85972	-0.447873
	0	0	42447	0	0	-42448.7	0	0	44508.2	0	133.171	0	-19.5502	2918.82	-1.57748	-1.52376	-0.474293
	-42239	0	0	42241.3	0	0	-44399.3	0	0	-123.447	0	0	18.5527	-2879.54	1.54752	1.89233	0.4395
	0	-42658	0	0	42659.9	0	0	-44593.6	0	0	0	-76.4732	18.4699	-2544.13	1.38608	0.85991	0.447892
	0	0	-42448.7	0	0	42450.4	0	0	-44510.1	0	-133.163	0	19.5515	-2919.15	1.57765	1.52397	0.474312
	44396.7	0	0	-44399.3	0	0	46799.2	0	0	126.025	0	0	-19.9101	3229.74	-1.729	-2.17113	-0.472881
	0	44591.3	0	0	-44593.6	0	0	46799	0	0	0	22.384	-19.8277	2956.18	-1.59728	-1.01083	-0.478326
	0	0	44508.2	0	0	-44510.1	0	0	46800.3	0	128.742	0	-21.0333	3277.11	-1.76328	-1.72994	-0.509033
	123.456	0	0	-123.447	0	0	126.025	0	0	10.336	0	0	0.0935926	2.58281	-0.00154223	0.022462	-0.000979961
	0	0	133.171	0	0	-133.163	0	0	128.742	0	14.7614	0	0.101253	-10.058	0.00459893	0.0142793	-0.00124338
	0	76.5464	0	0	-76.4732	0	0	22.384	0	0	0	38.8685	0.0488578	-93.6958	0.0458427	0.0395593	-0.00129236
	-18.5511	-18.4684	-19.5502	18.5527	18.4699	19.5515	-19.9101	-19.8277	-21.0333	0.0935926	0.101253	0.0488578	0.129215	-5.90261	0.00313353	0.00284234	0.000776027
	2879.12	2543.64	2918.82	-2879.54	-2544.13	-2919.15	3229.74	2956.18	3277.11	2.58281	-10.058	-93.6958	-5.90261	1757.05	-0.895716	-1.02108	-0.102156
	-1.54731	-1.38584	-1.57748	1.54752	1.38608	1.57765	-1.729	-1.59728	-1.76328	-0.00154223	0.00459893	0.0458427	0.00313353	-0.895716	0.000460205	0.000515895	5.69547e-05
	-1.89193	-0.85972	-1.52376	1.89233	0.85991	1.52397	-2.17113	-1.01083	-1.72994	0.022462	0.0142793	0.0395593	0.00284234	-1.02108	0.000515895	0.000792755	4.1956e-05
	-0.439476	-0.447873	-0.474293	0.4395	0.447892	0.474312	-0.472881	-0.478326	-0.509033	-0.000979961	-0.00124338	-0.00129236	0.000776027	-0.102156	5.69547e-05	4.1956e-05	5.09505e-05

FIM Eigenvalues:
  Matrix(17x1)
	3.17012e-09
	9.71197e-07
	8.30416e-06
	1.2004e-05
	1.38747e-05
	7.56189e-05
	0.0954405
	4.36454
	9.86235
	13.2968
	18.0536
	85.1659
	117.124
	1274.96
	131301
	131769
	132318

FIM Eigenvectors corresponding to Eigenvalues:
  Matrix(17x17)
	-0.02537	-0.0137437	-0.0315792	-0.0246504	-0.0130122	-0.0308103	0.000719558	0.000731725	0.000769101	-2.96271e-05	-1.05188e-05	1.1358e-06	0.00043234	3.83112e-06	0.887419	0.0195674	0.456669
	0.415812	0.235387	0.484842	0.41577	0.235308	0.484806	-3.85048e-05	-7.83032e-05	-3.36965e-05	0.000173694	3.9423e-05	-8.73703e-06	-0.00266962	0.000152031	0.0745397	-0.260232	-0.00812758
	-0.0383929	0.0206728	-0.00870313	-0.0393454	0.0197433	-0.00970152	-0.000951359	-0.000928017	-0.00099712	-3.42991e-05	-1.0169e-05	-9.20123e-06	-0.000237302	0.000798634	0.453973	0.0358277	-0.888038
	-0.400373	-0.267632	0.508855	-0.400706	-0.267874	0.50938	-0.00033382	-0.000241351	0.000524175	0.000132433	-0.000241992	9.56424e-05	0.000997767	2.26973e-05	-0.00538198	0.130765	0.0148498
	-0.331826	0.609928	0.0369369	-0.332315	0.610325	0.0367872	-0.000487699	0.000398897	-0.000148416	-3.04185e-05	-9.8571e-05	-0.000259754	0.000681609	0.000199153	-0.0268295	0.170546	0.0492387
	0.232947	-0.00829471	0.0579885	0.233006	-0.00926134	0.0573823	5.63359e-05	-0.00095866	-0.000601673	-0.00252315	-0.000557058	7.85288e-06	0.00683812	0.000952505	-0.00951931	0.940407	0.0110861
	0.00323919	0.00352838	0.0034773	-0.00352086	-0.00463587	-0.00423667	-0.00707073	-0.00837972	-0.00800827	0.0139302	0.00908925	-0.0031903	-0.999689	0.002826	-4.92213e-06	0.00738834	0.000597189
	-0.222137	-0.222727	-0.238283	0.222619	0.223129	0.238645	0.440641	0.442005	0.47261	0.0126231	-0.00561561	-0.0340415	-0.0162963	-0.271025	-0.000359946	0.00140809	-0.00258694
	-0.0102294	0.00812429	0.00836298	0.0112975	-0.00811609	-0.00835651	0.0171434	-0.0160182	-0.0164952	0.999187	-0.00350061	-0.00251056	0.0141436	0.00866588	6.89888e-06	0.00225958	3.67968e-05
	0.0140958	0.0173722	-0.0379173	-0.0140642	-0.0173478	0.0381164	-0.0277912	-0.0340494	0.0685254	0.00489553	0.994395	-0.0178817	0.00909018	0.0153418	-8.04004e-06	0.000519234	-7.1298e-06
	-0.0463871	0.135359	-0.0480317	0.0462679	-0.135333	0.0479391	0.0911944	-0.25462	0.09469	-0.00858886	-0.0358063	-0.932088	0.00354733	-0.046854	4.24217e-05	-0.000295459	8.39393e-05
	-0.309101	0.00145074	0.285304	0.308014	-0.00144575	-0.284569	0.586543	-0.00281875	-0.543254	-0.0302319	0.0843676	0.0017211	0.000690507	0.000841559	-6.24863e-07	-0.000402886	-2.42669e-07
	0.160782	-0.314349	0.17302	-0.16021	0.313257	-0.172569	-0.300117	0.604453	-0.324344	0.015079	0.0490584	-0.350545	0.00107694	-0.0753072	4.14845e-05	0.000609558	1.77158e-05
	-0.0762447	-0.102839	-0.0800319	0.0760395	0.10254	0.079872	0.0807075	0.139138	0.0875628	-0.00487065	-0.0155818	-0.0826555	-0.00165642	0.955975	-0.000473561	-0.000579372	-9.46235e-06
	-0.530653	0.0741348	0.186266	0.530682	-0.0741383	-0.186273	-0.558383	0.0775634	0.195473	-0.00153433	0.000571055	0.000113565	0.000116152	-0.0194906	1.03843e-05	1.62119e-05	2.68678e-06
	0.125696	-0.28685	0.473541	-0.125703	0.286864	-0.47356	0.132295	-0.30023	0.497069	0.000362567	0.00144108	-0.000401727	-0.000150761	0.0245953	-1.31722e-05	-1.74122e-05	-3.62173e-06
	-0.154603	-0.484547	-0.250827	0.154612	0.48457	0.250837	-0.162763	-0.507372	-0.263363	-0.000444704	-0.000756725	-0.00060457	0.000397767	-0.059042	3.19089e-05	2.69419e-05	9.58026e-06

Fisher Information Matrix (scaled):
  Matrix(17x17)
	0.0882373	0	0	-0.12088	0	0	0.0327267	0	0	0.000302482	0	0	-0.000300094	0.00126489	-0.00137784	-2.03496e-06	-0.000214843
	0	0.0719658	0	0	-0.101909	0	0	0.0301181	0	0	0	0	-0.000268478	0.00100424	-0.00110899	-8.30994e-07	-0.000196759
	0	0	0.0602299	0	0	-0.0892967	0	0	0.0291598	0	0.000189272	0	-0.000260639	0.00105682	-0.00115768	-1.35073e-06	-0.000191089
	-0.12088	0	0	0.165598	0	0	-0.0448337	0	0	-0.000414329	0	0	0.000411123	-0.00173298	0.00188772	2.7882e-06	0.000294322
	0	-0.101909	0	0	0.14431	0	0	-0.0426496	0	0	0	0	0.000380197	-0.00142229	0.00157061	1.17695e-06	0.000278624
	0	0	-0.0892967	0	0	0.132391	0	0	-0.0432324	0	-0.000280585	0	0.000386433	-0.00156695	0.00171649	2.00277e-06	0.000283307
	0.0327267	0	0	-0.0448337	0	0	0.0121725	0	0	0.000108952	0	0	-0.000113645	0.000500666	-0.00054326	-8.23992e-07	-8.15695e-05
	0	0.0301181	0	0	-0.0426496	0	0	0.0126544	0	0	0	0	-0.000115394	0.000467245	-0.000511714	-3.91155e-07	-8.41265e-05
	0	0	0.0291598	0	0	-0.0432324	0	0	0.0141571	0	8.44847e-05	0	-0.000129472	0.000547854	-0.000597484	-7.08047e-07	-9.46922e-05
	0.000302482	0	0	-0.000414329	0	0	0.000108952	0	0	2.97007e-05	0	0	1.77564e-06	1.33079e-06	-1.61063e-06	2.8335e-08	-5.61851e-07
	0	0	0.000189272	0	0	-0.000280585	0	0	8.44847e-05	0	2.10143e-05	0	1.3521e-06	-3.64766e-06	3.38059e-06	1.26786e-08	-5.01769e-07
	0	0	0	0	0	0	0	0	0	0	0	0	0	0	0	0	0
	-0.000300094	-0.000268478	-0.000260639	0.000411123	0.000380197	0.000386433	-0.000113645	-0.000115394	-0.000129472	1.77564e-06	1.3521e-06	0	1.61855e-05	-2.00799e-05	2.16064e-05	2.36728e-08	2.93757e-06
	0.00126489	0.00100424	0.00105682	-0.00173298	-0.00142229	-0.00156695	0.000500666	0.000467245	0.000547854	1.33079e-06	-3.64766e-06	0	-2.00799e-05	0.000162332	-0.000167735	-2.3096e-07	-1.05022e-05
	-0.00137784	-0.00110899	-0.00115768	0.00188772	0.00157061	0.00171649	-0.00054326	-0.000511714	-0.000597484	-1.61063e-06	3.38059e-06	0	2.16064e-05	-0.000167735	0.000174677	2.36522e-07	1.1868e-05
	-2.03496e-06	-8.30994e-07	-1.35073e-06	2.7882e-06	1.17695e-06	2.00277e-06	-8.23992e-07	-3.91155e-07	-7.08047e-07	2.8335e-08	1.26786e-08	0	2.36728e-08	-2.3096e-07	2.36522e-07	4.3901e-10	1.05601e-08
	-0.000214843	-0.000196759	-0.000191089	0.000294322	0.000278624	0.000283307	-8.15695e-05	-8.41265e-05	-9.46922e-05	-5.61851e-07	-5.01769e-07	0	2.93757e-06	-1.05022e-05	1.1868e-05	1.05601e-08	5.82853e-06

FIM Eigenvalues (scaled):
  Matrix(17x1)
	-2.13794e-21
	7.82066e-13
	2.33987e-11
	3.1413e-11
	6.27705e-11
	7.9291e-10
	5.42923e-07
	5.28258e-06
	1.17857e-05
	1.84788e-05
	2.7997e-05
	3.6168e-05
	4.31559e-05
	0.000263794
	0.206785
	0.228917
	0.266017

FIM Eigenvectors (scaled) corresponding to Eigenvalues:
  Matrix(17x17)
	1.66783e-10	-5.01283e-12	2.68723e-10	1.19602e-10	-5.97994e-12	1.787e-10	-8.34266e-12	-8.6307e-12	-8.21736e-12	1.36695e-13	5.27672e-14	1	-2.7797e-13	-1.43189e-13	-8.62017e-12	-2.42774e-10	-8.08641e-12
	0.375137	0.225049	0.55101	0.269578	0.154246	0.366553	-0.0165811	-0.0165779	-0.0164197	0.000273749	0.000125415	-4.3383e-10	-0.000595629	0.000116151	-0.0168243	-0.522336	-0.015839
	0.36716	0.00461424	-0.601675	0.267414	0.00241013	-0.407209	-0.00237977	-0.003008	-0.00439466	0.000206911	0.00038473	1.59715e-11	-0.000274434	-0.0014173	-0.00394349	-0.515519	-0.00349963
	-0.025856	-0.764672	0.15027	-0.0223138	-0.544294	0.0973865	-0.0133605	-0.0151195	-0.0127715	0.000385984	8.66024e-05	-1.29176e-10	-0.000296295	-0.00220162	-0.0148651	-0.291217	-0.0136214
	-0.609708	0.176568	-0.0294127	-0.453952	0.115915	-0.0297854	-0.0344263	-0.0310781	-0.0319568	0.00136452	0.000341408	2.16528e-11	-0.000792416	-0.00310102	-0.0343436	-0.608642	-0.0317715
	-0.0837673	-0.0615585	-0.0452422	0.0521368	0.0805204	0.105981	0.439959	0.438709	0.438455	-0.00170574	-0.00168286	4.68552e-13	0.00672723	0.00826072	0.451476	-0.0783784	0.422312
	-0.0146197	-0.0164061	-0.0176047	0.0223954	0.0254455	0.0278133	0.126905	0.129329	0.125987	-0.000101149	-0.00267517	6.61372e-15	0.0116312	-0.732029	-0.597924	0.00232487	0.234636
	-0.0301093	-0.0343896	-0.034343	0.042121	0.0495021	0.0516393	0.242434	0.25389	0.234171	-0.0056275	-0.0195871	1.51228e-16	0.0933788	-0.198208	0.0672239	0.000902104	-0.871107
	0.00335493	0.00240589	0.00592694	-0.00487523	-0.00344227	-0.00882882	-0.0192542	-0.0108528	-0.0315621	-0.150906	-0.209352	-3.9361e-16	0.960623	0.049011	-0.0241977	-0.000858499	0.0772312
	0.0168492	0.0119526	-0.0383681	-0.0226038	-0.0165814	0.0565667	-0.129171	-0.0853018	0.245583	-0.0742066	0.929824	-6.74024e-17	0.193683	0.0327482	-0.0342124	0.000154776	-0.00277427
	-0.0362436	0.0176602	0.0176366	0.0495316	-0.0244789	-0.0257732	0.271042	-0.125771	-0.116916	0.923564	0.0978347	-3.37047e-16	0.163502	0.0335526	-0.0309411	0.000637555	0.00602187
	-0.0948636	0.0275005	0.0744255	0.126049	-0.0380946	-0.108816	0.722304	-0.19638	-0.490099	-0.337275	0.199837	-1.50325e-16	-0.0155547	0.0224315	-0.0244975	-0.00086793	-0.00220172
	0.027686	-0.103262	0.0859801	-0.0368314	0.143025	-0.125719	-0.208347	0.73313	-0.560979	0.0675082	0.199484	1.11692e-16	0.0398743	-0.0279504	0.0333591	0.000675559	0.0118001
	-0.0290857	-0.0440397	-0.0371378	0.0389484	0.0611409	0.0544247	0.169175	0.265568	0.193404	-0.0199305	-0.0436145	-7.09341e-18	-0.0470258	0.647036	-0.654023	-0.000952272	-0.012361
	0.000465225	0.00100427	-0.539688	-0.000637315	-0.0014221	0.80014	0.000169465	0.00041579	-0.26134	1.92021e-06	-0.00168628	-4.95904e-24	0.00233517	-0.00950579	0.0104086	1.21657e-05	0.00171131
	0.00062086	-0.560687	-0.00087183	-0.000850529	0.793974	0.00129258	0.000227962	-0.234706	-0.000424863	2.374e-06	-2.19891e-06	5.87183e-24	0.00209721	-0.00788758	0.00870504	6.53686e-06	0.00153618
	-0.575929	-0.000518771	-0.000338981	0.788988	0.000734632	0.000502581	-0.213639	-0.000220266	-0.000166564	-0.00197155	-5.88155e-07	-1.31388e-24	0.00196463	-0.00830236	0.00904161	1.33635e-05	0.00140643

Correlation Matrix:
  Matrix(17x17)
	1	0.834558	0.916399	0.999896	0.827857	0.915656	-0.706809	-0.712257	-0.71113	0.669408	0.494865	-0.0647277	-0.827667	0.120249	-0.705445	-0.94984	-0.708242
	0.834558	1	0.831753	0.833547	0.999645	0.831261	-0.635155	-0.629595	-0.635418	0.609583	0.416157	-0.225966	-0.738198	0.212424	-0.627267	-0.816643	-0.630587
	0.916399	0.831753	1	0.914429	0.824007	0.999924	-0.739599	-0.741009	-0.7356	0.718019	0.426825	-0.0682479	-0.834314	0.139441	-0.73345	-0.921766	-0.736396
	0.999896	0.833547	0.914429	1	0.827174	0.913846	-0.696531	-0.702062	-0.70092	0.663783	0.49108	-0.0639107	-0.82172	0.125125	-0.695167	-0.947849	-0.697992
	0.827857	0.999645	0.824007	0.827174	1	0.82379	-0.614368	-0.608681	-0.614636	0.597052	0.406705	-0.22783	-0.723937	0.222227	-0.606334	-0.807726	-0.609705
	0.915656	0.831261	0.999924	0.913846	0.82379	1	-0.731259	-0.732688	-0.727201	0.714068	0.42278	-0.0676019	-0.829544	0.144114	-0.725039	-0.920119	-0.728014
	-0.706809	-0.635155	-0.739599	-0.696531	-0.614368	-0.731259	1	0.999726	0.999738	-0.745576	-0.532901	0.0854902	0.872484	0.15484	0.999093	0.764111	0.999665
	-0.712257	-0.629595	-0.741009	-0.702062	-0.608681	-0.732688	0.999726	1	0.999737	-0.743088	-0.533468	0.0853376	0.873186	0.154542	0.999089	0.765836	0.999667
	-0.71113	-0.635418	-0.7356	-0.70092	-0.614636	-0.727201	0.999738	0.999737	1	-0.742556	-0.534827	0.0854578	0.872628	0.155182	0.999114	0.764778	0.999685
	0.669408	0.609583	0.718019	0.663783	0.597052	0.714068	-0.745576	-0.743088	-0.742556	1	0.498547	-0.0670786	-0.785404	-0.165168	-0.744252	-0.811684	-0.744487
	0.494865	0.416157	0.426825	0.49108	0.406705	0.42278	-0.532901	-0.533468	-0.534827	0.498547	1	-0.0501414	-0.556761	-0.112295	-0.534083	-0.544475	-0.534236
	-0.0647277	-0.225966	-0.0682479	-0.0639107	-0.22783	-0.0676019	0.0854902	0.0853376	0.0854578	-0.0670786	-0.0501414	1	0.100106	0.00277957	0.0850401	0.0675272	0.0853095
	-0.827667	-0.738198	-0.834314	-0.82172	-0.723937	-0.829544	0.872484	0.873186	0.872628	-0.785404	-0.556761	0.100106	1	0.0454833	0.869917	0.872454	0.871671
	0.120249	0.212424	0.139441	0.125125	0.222227	0.144114	0.15484	0.154542	0.155182	-0.165168	-0.112295	0.00277957	0.0454833	1	0.192199	0.00463542	0.154144
	-0.705445	-0.627267	-0.73345	-0.695167	-0.606334	-0.725039	0.999093	0.999089	0.999114	-0.744252	-0.534083	0.0850401	0.869917	0.192199	1	0.762373	0.998824
	-0.94984	-0.816643	-0.921766	-0.947849	-0.807726	-0.920119	0.764111	0.765836	0.764778	-0.811684	-0.544475	0.0675272	0.872454	0.00463542	0.762373	1	0.764262
	-0.708242	-0.630587	-0.736396	-0.697992	-0.609705	-0.728014	0.999665	0.999667	0.999685	-0.744487	-0.534236	0.0853095	0.871671	0.154144	0.998824	0.764262	1

